Threshold F-measure Clusters Common Cost
-1 0.098756 1 215 0
0 0.1110057 32 222 39915.40234375
1 0.5171362 74 536 49577.40234375
2 0.6761413 103 626 38141.81640625
3 0.7045234 116 640 50524.25390625
4 0.7114256 121 644 65379.8828125
5 0.7414258 121 666 78742.265625
6 0.7414258 122 666 93281.078125
7 0.73635 127 659 106929.6796875
8 0.7355916 130 658 121775.8046875
9 0.7322905 138 651 136166.984375
10 0.732125 148 649 150842.359375
11 0.7536628 153 662 165149.515625
12 0.7467274 159 655 178982.34375
13 0.7549911 164 659 193054.015625
14 0.757944 168 652 205315.375
15 0.7559768 172 650 217912.46875
16 0.7625865 178 652 230661.796875
17 0.7647134 185 651 243531.296875
18 0.7579867 195 643 256391.78125
19 0.7573151 197 642 269188.3125
20 0.7523375 200 637 282278.625
21 0.7605785 211 638 295193.78125
22 0.7608996 212 638 307793.78125
23 0.7552445 220 634 320110.71875
24 0.7448504 233 618 332525.25
25 0.7287952 237 600 344652.4375
26 0.7307132 237 600 356688.53125
27 0.7203245 246 588 368311.34375
28 0.7257923 246 591 379657.59375
29 0.7220149 253 587 391501.9375
30 0.7183328 257 584 403188.9375
31 0.7153123 256 580 415284.53125
32 0.718004 260 582 426827.0625
33 0.7133 262 578 438877.46875
34 0.7119254 275 574 450365.59375
35 0.7043745 277 567 462650.90625
36 0.7004416 285 563 473194.25
37 0.7022245 284 566 485556.53125
38 0.6989983 290 562 496381.625
39 0.6965796 293 559 506838.15625
40 0.6914144 303 553 518259.1875
41 0.6925669 299 555 529525.25
42 0.6829483 309 545 539993.5625
43 0.6790627 311 542 550784.3125
44 0.6755035 314 537 560925.75
45 0.6732964 321 535 571735.625
46 0.6714327 322 533 582808
47 0.6615005 340 522 591758.125
48 0.6570252 346 518 601673
49 0.6582353 347 519 612792.8125
50 0.6509635 361 512 619683.1875
51 0.6498427 359 512 633117.5
52 0.6381803 371 502 641157.1875
53 0.6183933 380 471 631754.9375
54 0.637677 374 498 661051.6875
55 0.6035279 404 452 634735.8125
56 0.6029657 399 450 637561.5625
57 0.60887 399 471 664737.4375
58 0.6068763 404 467 670698.1875
59 0.5862225 418 434 630494.4375
60 0.6013854 411 458 685898.5
61 0.5807797 432 432 657511
62 0.5637852 455 411 642652.75
63 0.561022 463 407 638402.625
64 0.5556337 464 404 642958.3125
65 0.5546637 468 403 634520.0625
66 0.5505444 472 400 630778.625
67 0.5585454 454 408 643601.75
68 0.5546977 456 406 648447.5625
69 0.5532616 458 402 635234.0625
70 0.5373034 487 384 639300.25
71 0.5408388 479 391 641259.375
72 0.543896 474 394 634808.6875
73 0.5409195 480 391 634050.125
74 0.5255415 496 372 623450.75
75 0.5305511 492 377 620240.0625
76 0.5229957 509 367 611791.9375
77 0.5193726 515 367 614404.375
78 0.5049354 516 354 611962.875
79 0.4975021 526 345 608126.5
80 0.5058012 525 353 592809.375
81 0.489545 524 340 599094.3125
82 0.4862323 538 336 592528.5625
83 0.476439 544 328 583829.625
84 0.4722183 549 325 578947.1875
85 0.4732268 559 323 580162.9375
86 0.4639629 555 316 596111.5625
87 0.4649933 560 317 582375.6875
88 0.4640337 562 315 573002.75
89 0.4374754 592 293 559975.6875
90 0.4440672 588 300 551392.875
91 0.4435296 595 294 546521.3125
92 0.429061 600 289 541181
93 0.4170516 604 280 530867.0625
94 0.4185331 611 271 511981.5625
95 0.4098804 625 268 509113.28125
96 0.4089526 615 267 508695.21875
97 0.4036871 624 260 495752.28125
98 0.4212766 614 280 518324.78125
99 0.4191206 612 279 508140.625
100 0.4159589 618 275 487658.1875
101 0.4032549 626 263 486243.3125
102 0.3360638 651 206 483868.03125
103 0.3934019 629 249 468431.1875
104 0.3177313 674 192 460815.21875
105 0.321191 653 194 450140.625
106 0.2865418 697 173 439771.53125
107 0.3029162 678 181 427374.15625
108 0.3152361 670 189 413161.84375
109 0.309746 669 185 406912.125
110 0.2313031 731 143 396815.71875
111 0.2226894 744 139 384995.75
112 0.2226894 748 139 373122.46875
113 0.2834145 699 169 359172.5
114 0.2241762 742 139 349229.8125
115 0.2308263 740 142 336969.59375
116 0.2198448 749 136 325448.15625
117 0.2198448 748 136 313829.25
118 0.2176087 751 135 302135.5625
119 0.2506743 725 151 290805
120 0.2191484 739 136 279432
121 0.2168917 760 135 268511.34375
122 0.2214586 745 137 256586.890625
123 0.2265122 737 139 245767.953125
124 0.2138222 755 132 235091.65625
125 0.215579 749 132 224271.796875
126 0.217057 760 132 213978.40625
127 0.2101937 771 128 203692.234375
128 0.2139324 765 129 192923.984375
129 0.2050282 778 125 183058.078125
130 0.2072849 778 126 172938.578125
131 0.2072849 774 126 163053.28125
132 0.2072849 779 126 153732.875
133 0.2170331 770 130 143809.328125
134 0.2085695 773 126 134870.6875
135 0.2129411 765 128 126191.046875
136 0.2041176 784 124 118334.1953125
137 0.2113575 771 127 110245.4140625
138 0.2177692 771 130 103138.265625
139 0.2091815 780 126 96325.1171875
140 0.2047701 779 124 89670.234375
141 0.2084117 779 125 83946.234375
142 0.1958472 791 119 78248.453125
143 0.2024948 786 122 72869.65625
144 0.1992405 782 120 67813.34375
145 0.1933941 802 117 63633.9375
146 0.1911581 801 116 59352.91796875
147 0.1960498 797 118 55374.9921875
148 0.1893562 803 115 51928.7734375
149 0.1891962 810 114 48643.3984375
150 0.1850741 813 112 45614.5546875
151 0.1809901 816 110 42732.17578125
152 0.1814068 818 110 39961.234375
153 0.1798714 809 109 37072.90625
154 0.1798714 817 109 34660.578125
155 0.177969 822 108 32279.13671875
156 0.177969 823 108 29919.1171875
157 0.173964 828 106 27684.13671875
158 0.173964 821 106 25354.19921875
159 0.173964 827 106 23237.671875
160 0.1718315 828 105 21173.025390625
161 0.1740882 831 106 19144.427734375
162 0.1718315 835 105 17210.27734375
163 0.1718315 834 105 15292.3486328125
164 0.1700819 838 104 13502.609375
165 0.1700819 837 104 11750.447265625
166 0.1679721 842 103 10127.662109375
167 0.1645613 846 101 8588.8564453125
168 0.1628117 849 100 7170.77490234375
169 0.1584529 852 98 5879.67236328125
170 0.1584529 852 98 4725.07421875
171 0.1584529 853 98 3681.72143554688
172 0.1606947 847 99 2719.228515625
173 0.1633704 834 100 1891.8251953125
174 0.1633704 835 100 1288.40100097656
175 0.1633704 839 100 827.520568847656
176 0.1633704 841 100 495.162536621094
177 0.1611137 842 99 267.862609863281
178 0.159882 847 98 113.656066894531
179 0.1599034 838 98 15.2767906188965
180 0.1460025 866 91 0
181 0.1460025 866 91 0
